4
0 0 
0 1 
1 0 
1 1




10 
987878530 332490544 
545074228 332490544 
571194544 278963943 
32922985 229703843 
571194544 851333603 
90862786 28227282 
219975775 267376202 
219975775 332490544 
90862786 62367085 
872930617 951881113 




9         j          
8      e8       
7               
6            
5             
4         
3 h3  b3c8 a3
2d    
1i g2        
0f23456789

4 
21 7 
11 23 
11 7 
5 10

3           b                   
2                              
1                              
0                              
9                              
8                              
7                              
6                              
5                              
4                              
3                                                                  
2                                           
1                                                              
0     d                                                       
9                                                    
8                              
7           c        a
6                                           
5                                          
4                                   
3                     
2                         
1                       
0123456789012345678901



12
636437309 704270751 
695056713 700147825 
636437309 356396548 
921201220 589666013 
430411607 671693685 
324259336 671693685 
723442153 589666013 
528904109 419799944 
921201220 356396548 
723442153 856537355 
691516566 726853849 
941903572 634527403